0.5505550555055505 0 0 0 0 0 0 0
0.0012531297374686976   8.237043884470755e-18   1.8432031460723941e-22   3.8079138002440307   -0.5209371561392749   0.6888572146699866   3.1441303525048965   7.214598459984435   
1.1423981676547311e-19   -1.0912320082112486e-27   5.025138065309054e-35   -1.0025525024373495e-12   -9.477263601153802e-13   -2.2816009617123027e-13   -3.5741555960417268e-12   -1.2096074119999197e-11
-1.0912320082112486e-27   3.201028443712594e-35   3.652919754140446e-43   -1.530347853810568e-22   1.834489123862582e-21   1.736872928890983e-22   5.167453109983094e-21   7.610118205057205e-20   
5.025138065309054e-35   3.652919754140446e-43   7.983868652821682e-46   6.514948790842378e-26   5.25186666956608e-26   -3.722103659253936e-24   -1.0547627515169082e-24   2.1189838328169973e-24   
-1.0025525024373495e-12   -1.530347853810568e-22   6.514948790842378e-26   0.00021081674084426748   9.409203332261078e-05   -0.00031097723731536553   1.451041645329605e-05   0.00031044119246006276   
-9.477263601153802e-13   1.834489123862582e-21   5.25186666956608e-26   9.409203332261078e-05   0.0002491446513602205   -0.00027626628804216846   -7.75256725674498e-05   0.00017717378043053395   
-2.2816009617123027e-13   1.736872928890983e-22   -3.722103659253936e-24   -0.00031097723731536553   -0.00027626628804216846   0.018222684691213437   0.00529040164355975   -0.010604476879589856   
-3.5741555960417268e-12   5.167453109983094e-21   -1.0547627515169082e-24   1.451041645329605e-05   -7.75256725674498e-05   0.00529040164355975   0.05423527201286718   -0.1076537055384526   
-1.2096074119999197e-11   7.610118205057205e-20   2.1189838328169973e-24   0.00031044119246006276   0.00017717378043053395   -0.010604476879589856   -0.1076537055384526   0.2184580052290508   
0.4494449444944495 0 0 0 0 0 0 0
0.0012531297293333578   8.309732489191102e-18   1.847296269107539e-22   3.807530789793681   -0.5211680832226628   0.6858535481887671   1.517264673348014   4.187219541298531
1.1266933597604096e-19   -1.055554700377173e-27   -1.5777701176090068e-34   -1.143849159298336e-12   -9.695056304330799e-13   8.981390650890329e-13   -3.5526189299959787e-12   -1.1708263885911397e-11
-1.055554700377173e-27   3.265076513403904e-35   1.0472548506097153e-42   2.1334014883449846e-21   1.729276049547639e-21   -3.770238396942117e-21   3.1910965026042685e-20   1.1758579462663818e-20   
-1.5777701176090068e-34   1.0472548506097153e-42   7.598769557734248e-46   7.200722246553605e-26   4.8081215072592955e-26   -3.543043480387871e-24   2.0664141976444438e-25   -3.602241817878989e-25   
-1.143849159298336e-12   2.1334014883449846e-21   7.200722246553605e-26   0.0002141441869014973   8.926449784720392e-05   -0.00034414550586982413   0.00022452581445466316   -9.031809169932025e-05   
-9.695056304330799e-13   1.729276049547639e-21   4.8081215072592955e-26   8.926449784720392e-05   0.00024799919447910106   -0.00025281974144832694   0.00011094186866983814   -0.00019374346037813038   
8.981390650890329e-13   -3.770238396942117e-21   -3.543043480387871e-24   -0.00034414550586982413   -0.00025281974144832694   0.017377502544104053   -0.0007514594480630574   0.0012384568979969324   
-3.5526189299959787e-12   3.1910965026042685e-20   2.0664141976444438e-25   0.00022452581445466316   0.00011094186866983814   -0.0007514594480630574   0.05333275298197354   -0.10586952045094368   
-1.1708263885911397e-11   1.1758579462663818e-20   -3.602241817878989e-25   -9.031809169932025e-05   -0.00019374346037813038   0.0012384568979969324   -0.10586952045094368   0.21483411435854677   
