0.00434173 7.3561e-16 0.68207 0.53347 5.935e-22 2.30587 0.177012 3.93836
0.00487335 5.6429e-16 0.893196 5.27414 3.17442e-22 0.949535 0.962921 5.61732
0.00474814 5.07508e-16 0.63893 5.08734 2.9589e-22 0.713957 2.34663 3.30324
0.00186006 3.66766e-17 -0.401499 2.0459 8.65427e-22 0.556518 0.526728 2.17954
0.00264171 1.04e-16 0.834345 2.52238 2.01744e-21 1.82554 0.748991 1.92432
0.00788132 1.12813e-14 -0.344655 4.45915 4.50168e-22 0.401207 0.572627 2.16862
0.00251285 5.32529e-17 0.793177 5.37747 5.74805e-22 0.728784 0.388224 5.05017
0.00394648 7.25512e-16 0.892245 5.53564 4.67057e-22 2.00449 1.68584 3.03655
0.00402484 8.35382e-16 -0.172405 4.60487 2.33918e-22 0.42935 0.554793 2.89664
0.0079836 7.92887e-15 -0.803912 4.08156 4.72916e-22 2.08062 0.837168 2.24338
0.00348237 3.36857e-16 -0.813024 1.92134 5.0346e-22 1.0714 1.42983 4.09544
0.017695 1.9882e-13 0.816542 5.41106 3.69138e-22 1.90977 1.97041 3.66576
0.00939096 2.1823e-14 1.02827 0.09973 4.65921e-22 1.11822 1.26603 4.42114
0.00357216 3.63939e-16 -0.824443 2.17466 3.05146e-22 0.692893 1.18472 4.63504
0.00641464 4.8896e-15 0.08177 4.72537 2.93598e-22 2.65156 1.53758 3.92691
0.00672784 5.23899e-15 -0.193813 4.52752 2.79752e-22 2.20703 1.56698 5.68158
0.00403268 9.14109e-16 -0.023508 4.83217 4.30357e-22 2.12615 1.52499 2.44744
0.00457819 1.38172e-15 -0.184783 4.67258 3.76195e-22 2.01622 1.73286 5.69029
0.0067332 2.55854e-15 0.850213 1.46863 9.71376e-22 0.696876 0.125614 2.49451
0.0158097 7.08208e-14 -0.358269 4.50358 3.23141e-22 0.930133 2.51255 0.346834
0.0065146 6.32755e-15 0.017035 4.69136 2.76305e-22 2.50732 2.35199 5.05464
0.00460063 9.17709e-16 -0.488955 4.39597 1.87281e-22 3.0555 0.696357 2.71751
0.00230351 8.14059e-17 -0.086702 4.58575 5.78549e-22 0.580877 2.96373 4.37279
0.00742714 4.82658e-15 -0.213056 4.66092 2.00462e-22 0.583265 1.96437 5.01922
0.00107747 4.1358e-18 -0.544736 0.580663 4.22026e-21 1.98472 2.0944 2.68485
0.0144545 5.46989e-14 -0.056238 4.64621 2.50929e-22 2.61453 0.865325 4.81404
0.00289568 4.58304e-17 0.579324 4.94876 8.26498e-22 2.80504 2.31779 6.09364
0.00355615 3.20599e-16 0.328578 2.40817 1.46923e-21 2.9241 1.32039 1.06695
0.00203901 6.23391e-17 -0.194059 4.99844 1.80788e-21 1.46443 2.64238 2.20473
0.0094465 1.39268e-14 -1.04515 3.02838 2.91806e-22 0.767969 0.636144 4.73343
0.00350157 1.69911e-16 0.536266 1.21545 4.29982e-22 0.982961 1.6876 4.6593
0.00675645 1.01503e-15 -0.070158 1.7611 3.22213e-22 1.13124 2.60311 3.46262
0.0231441 2.47534e-13 -1.09003 3.07003 3.67518e-22 1.21093 2.73419 1.0174
0.00364817 3.25845e-16 -0.99233 3.83991 2.86683e-22 0.379676 1.00796 1.00071
0.00739259 4.58866e-15 -0.12845 4.58904 2.3605e-22 0.447015 1.6881 2.95252
0.00998485 1.24505e-14 0.861402 5.51378 1.98378e-22 2.59986 1.86607 1.86349
0.00510533 3.39739e-16 -0.275692 2.12703 4.64076e-22 2.12371 1.41766 2.57925
0.011294 1.0141e-14 -0.894326 4.26172 2.81542e-22 0.896996 2.67506 3.65356
0.00926893 2.77741e-15 0.854529 3.31804 5.44584e-22 1.78519 0.117379 3.96399
0.00428432 9.08261e-16 0.333406 4.90355 2.13505e-22 2.61434 0.61647 2.66664
