#f(Hz) | fdot(Hz/s) | costheta | phi(rad) | m1 (msun) | m2 (msun) | cosinc | d (kpc)
0.001944144722 0 0.6080 2.9737 0.68 0.125 0.7314 0.302
0.000472612 1.44003e-19 -0.28594 3.86029 0.651938 0.651938 0.1236 0.033
0.001359342078 0 0.3073 3.5303 0.87 0.06 0.866 0.352
0.001454545455 0 -0.1089 4.6785 0.8 0.065 0.6 0.971
0.00322471421 -8.319025387E-18 -0.3475 0.4295 0.8 0.161 0.5 1.726
0.006220278731 -1.955518638E-17 -0.08203234181 2.10205239901753 0.55 0.27 0.788 5
0.001813729936 0 0.0865 4.1030 0.65 0.068 0.866 0.280
0.0014844 1.36645e-18 0.93376 5.39311 0.202787 0.202787 0.5 1.338 
0.002613673417 3.34732748e-17 0.1011 1.7686 0.49 0.247 0.0541 0.993
0.000514973 1.05073e-19 0.2491767 2.33375 0.446748 0.446748 0.5 0.299
0.001683501684 0 0.4709 2.2859 0.312 0.75 0.5 0.370
0.002119003221 0 0.0780 3.6370 0.8 0.1 0.5 1.317
0.00083689 6.70557e-19 0.89142 4.404524 0.466751 0.466751 0.5 1.019
0.001842129502 0 0.8784 5.2048 0.8 0.085 0.9659 0.977
0.00351250011 -1.955518638E-17 0.7288 5.1486 0.8 0.177 0.5 1.726
0.001252818842 0 -0.5048 3.7728 0.98 0.12 0.972 0.287
0.004821699107 2.758461905e-16 0.9147 3.5783 0.652 0.167 0.10192 2.34
